			Average Clarinet Spectra
			Based on RWC Music Database
		Analyzed using SNDAN's pvan and monan programs

************************************************************************
pitch: Bb3
dynamic: p

HARMONIC     1       2       3       4       5       6       7       8   
AMPL      1669      26    1882     137     692     365     346      69   

HARMONIC     9      10      11      12      13      14      15      16   
AMPL       111      20      53      41      22      31       7       7   

HARMONIC    17      18      19      20      21      22      23      24   
AMPL         5       5       4       4       5       4       8       3   

HARMONIC    25      26      27      28      29      30      31      32   
AMPL         5       3       3       1       2       1       1       1   

HARMONIC    33      34      35      36      37      38      39      40   
AMPL         1       1       1       1       1       1       1       1   

HARMONIC    41      42      43      44      45      46      47      48   
AMPL         1       1       1       1       1       1       1       1   

HARMONIC    49      50      51      52      53      54      55      56   
AMPL         1       1       1       1       2       1       1       1   

HARMONIC    57      58      59      60      61      62      63      64   
AMPL         1       1       1       1       1       1       1       1   

HARMONIC    65      66      67      68      69      70      71      72   
AMPL         0       1       0       1       0       0       0       0   

************************************************************************
pitch: Bb3
dynamic: m

HARMONIC     1       2       3       4       5       6       7       8   
AMPL      2895      54    3828     143    1997     832     897     473   

HARMONIC     9      10      11      12      13      14      15      16   
AMPL      1172     255     545     155     204     170     205     151   

HARMONIC    17      18      19      20      21      22      23      24   
AMPL       127     166      16      49      21      36      23      10   

HARMONIC    25      26      27      28      29      30      31      32   
AMPL        17      13       8      15      11       6       6       5   

HARMONIC    33      34      35      36      37      38      39      40   
AMPL         7       5       5       5       5       6       5       6   

HARMONIC    41      42      43      44      45      46      47      48   
AMPL         5       5       5       6       6       6       7       8   

HARMONIC    49      50      51      52      53      54      55      56   
AMPL         9      10      12      12      12      11       9       8   

HARMONIC    57      58      59      60      61      62      63      64   
AMPL         7       7       5       4       3       3       3       3   

HARMONIC    65      66      67      68      69      70      71      72   
AMPL         3       2       2       3       2       2       2       3   

HARMONIC    73      74      75      76      77      78      79      80   
AMPL         3       2       2       2       2       1       1       1   

HARMONIC    81      82      83      84      85      86      87      88   
AMPL         1       1       1       1       1       1       1       1   

HARMONIC    89      90      91      92      93      94   
AMPL         1       1       0       0       0       0   

************************************************************************
pitch: Bb3
dynamic: f

HARMONIC     1       2       3       4       5       6       7       8   
AMPL      3270      74    3928     171    1892     890     573     470   

HARMONIC     9      10      11      12      13      14      15      16   
AMPL      1512     358     717     189     316     372     303     208   

HARMONIC    17      18      19      20      21      22      23      24   
AMPL       174     226      35      85      39      91      38      20   

HARMONIC    25      26      27      28      29      30      31      32   
AMPL        25      10      13      16      14       8       7       6   

HARMONIC    33      34      35      36      37      38      39      40   
AMPL         7       8       8       8       7       9       8       8   

HARMONIC    41      42      43      44      45      46      47      48   
AMPL         7       8       7       8       8       8       8       9   

HARMONIC    49      50      51      52      53      54      55      56   
AMPL        13      15      17      20      18      17      15      12   

HARMONIC    57      58      59      60      61      62      63      64   
AMPL        13       9       7       6       4       4       4       4   

HARMONIC    65      66      67      68      69      70      71      72   
AMPL         4       3       4       4       3       3       3       4   

HARMONIC    73      74      75      76      77      78      79      80   
AMPL         4       3       3       3       3       2       2       2   

HARMONIC    81      82      83      84      85      86      87      88   
AMPL         2       2       1       1       1       1       1       1   

HARMONIC    89      90      91      92      93      94   
AMPL         1       1       1       0       0       0   

************************************************************************
pitch: Bb4
dynamic: p

HARMONIC     1       2       3       4       5       6       7       8   
AMPL      1757     203    1467     140     410      56      48      27   

HARMONIC     9      10      11      12      13      14      15      16   
AMPL         9       7      15       4       2       3       2       2   

HARMONIC    17      18      19      20      21      22      23      24   
AMPL         2       2       1       2       1       2       2       2   

HARMONIC    25      26      27      28      29      30      31      32   
AMPL         1       2       1       1       1       1       1       1   

HARMONIC    33      34      35      36      37      38      39      40   
AMPL         1       1       1       1       1       1       0       0   

************************************************************************
pitch: Bb4
dynamic: m

HARMONIC     1       2       3       4       5       6       7       8   
AMPL      2361     182    2517     801     290     241      90     275   

HARMONIC     9      10      11      12      13      14      15      16   
AMPL        59      26      17      17       6      25       5       4   

HARMONIC    17      18      19      20      21      22      23      24   
AMPL         5       5       5       4       4       4       5       4   

HARMONIC    25      26      27      28      29      30      31      32   
AMPL         4       3       2       3       2       2       2       2   

HARMONIC    33      34      35      36      37      38      39      40   
AMPL         2       2       1       1       1       1       1       1   

HARMONIC    41      42      43      44      45      46      47   
AMPL         1       1       1       1       1       1       1  

************************************************************************
pitch: Bb4
dynamic: f

HARMONIC     1       2       3       4       5       6       7       8   
AMPL      4253     165    4529    1144     996     356     258     203   

HARMONIC     9      10      11      12      13      14      15      16   
AMPL       121      74      61      32      15      35      18       6   

HARMONIC    17      18      19      20      21      22      23      24   
AMPL         9       6      10       8       7       7       5       7   

HARMONIC    25      26      27      28      29      30      31      32   
AMPL         7       4       4       4       4       3       2       2   

HARMONIC    33      34      35      36      37      38      39      40   
AMPL         2       2       3       2       2       2       2       2   

HARMONIC    41      42      43      44      45      46      47   
AMPL         1       1       1       1       1       1       1   

************************************************************************
pitch: Bb5
dynamic: p

HARMONIC     1       2       3       4       5       6       7       8   
AMPL      4149    1117     942     166      18      24      11       3   

HARMONIC     9      10      11      12      13      14      15      16   
AMPL         8       3       3      14       3       4       6       2   

HARMONIC    17      18      19      20      21      22      23   
AMPL         3       2       3       2       1       1       1   

************************************************************************
pitch: Bb5
dynamic: m

HARMONIC     1       2       3       4       5       6       7       8   
AMPL      9371    4749    1235    1500     280      19      10       8   

HARMONIC     9      10      11      12      13      14      15      16   
AMPL        15      25      22       9      12      10       5       5   

HARMONIC    17      18      19      20      21      22      23   
AMPL        10       5      10       6       3       3       3   

************************************************************************
pitch: Bb5
dynamic: f

HARMONIC     1       2       3       4       5       6       7       8   
AMPL     13302    4714    2638    1363     722     161      73      23   

HARMONIC     9      10      11      12      13      14      15      16   
AMPL        74      40      46      27      16      31      51      20   

HARMONIC    17      18      19      20      21      22      23   
AMPL        30      27      38      18       6       4       3 

************************************************************************

