
			Average Clarinet Spectra
			Based on RWC Music Database
		Analyzed using SNDAN's pvan and monan programs

************************************************************************
pitch: Bb3
dynamic: p

HARMONIC     1       2       3       4       5       6       7       8   
AMPL      1669      26    1882     137     692     365     346      69   
	  0.886   0.014   1.000:q!
0   0.072   0.367   0.193   0.183   0.036

HARMONIC     9      10      11      12      13      14      15      16   
AMPL       111      20      53      41      22      31       7       7   
          0.058   0.010   0.028   0.021   0.011   0.016   0.003   0.003

HARMONIC    17      18      19      20      21      22      23      24   
AMPL         5       5       4       4       5       4       8       3 
          0.002   0.002   0.002   0.002   0.002   0.002   0.004   0.001  

HARMONIC    25      26      27      28      29      30      31      32   
AMPL         5       3       3       1       2       1       1       1 
          0.002   0.001   0.001   0.0005  0.001   0.0005  0.0005  0.0005  

HARMONIC    33      34      35      36      37      38      39      40   
AMPL         1       1       1       1       1       1       1       1   

HARMONIC    41      42      43      44      45      46      47      48   
AMPL         1       1       1       1       1       1       1       1   

HARMONIC    49      50      51      52      53      54      55      56   
AMPL         1       1       1       1       2       1       1       1   

HARMONIC    57      58      59      60      61      62      63      64   
AMPL         1       1       1       1       1       1       1       1   

HARMONIC    65      66      67      68      69      70      71      72   
AMPL         0       1       0       1       0       0       0       0   

************************************************************************
pitch: Bb3
dynamic: m

HARMONIC     1       2       3       4       5       6       7       8   
AMPL      2895      54    3828     143    1997     832     897     473   
         0.756   0.014  01.000   0.037   0.521   0.217   0.234   0.123

HARMONIC     9      10      11      12      13      14      15      16   
AMPL      1172     255     545     155     204     170     205     151   
         0.306   0.066   0.142   0.040   0.053   0.044   0.053   0.039

HARMONIC    17      18      19      20      21      22      23      24   
AMPL       127     166      16      49      21      36      23      10   
         0.033   0.043   0.004   0.012   0.006   0.009   0.006   0.006

HARMONIC    25      26      27      28      29      30      31      32   
AMPL        17      13       8      15      11       6       6       5   
         0.006   0.003   0.002   0.004   0.002   0.001   0.001   0.001

HARMONIC    33      34      35      36      37      38      39      40   
AMPL         7       5       5       5       5       6       5       6
         0.002   0.001   0.001   0.001   0.001   0.001   0.001   0.001   

HARMONIC    41      42      43      44      45      46      47      48   
AMPL         5       5       5       6       6       6       7       8   
         0.001   0.001   0.001   0.001   0.001   0.001   0.002   0.002

HARMONIC    49      50      51      52      53      54      55      56   
AMPL         9      10      12      12      12      11       9       8   
         0.002   0.0026  0.003   0.003   0.003   0.0028  0.002   0.002

HARMONIC    57      58      59      60      61      62      63      64   
AMPL         7       7       5       4       3       3       3       3   

HARMONIC    65      66      67      68      69      70      71      72   
AMPL         3       2       2       3       2       2       2       3   

HARMONIC    73      74      75      76      77      78      79      80   
AMPL         3       2       2       2       2       1       1       1   

HARMONIC    81      82      83      84      85      86      87      88   
AMPL         1       1       1       1       1       1       1       1   

HARMONIC    89      90      91      92      93      94   
AMPL         1       1       0       0       0       0   

************************************************************************
pitch: Bb3
dynamic: f

HARMONIC     1       2       3       4       5       6       7       8   
AMPL      3270      74    3928     171    1892     890     573     470   
         0.832   0.019   1.000   0.043   0.481   0.226   0.145   0.119

HARMONIC     9      10      11      12      13      14      15      16   
AMPL      1512     358     717     189     316     372     303     208   
         0.384   0.091   0.182   0.048   0.080   0.094   0.077   0.053

HARMONIC    17      18      19      20      21      22      23      24   
AMPL       174     226      35      85      39      91      38      20   
         0.044   0.057   0.009   0.021   0.010   0.023   0.009   0.005

HARMONIC    25      26      27      28      29      30      31      32   
AMPL        25      10      13      16      14       8       7       6   
         0.006   0.091   0.003   0.004   0.003   0.002   0.0017  0.001

HARMONIC    33      34      35      36      37      38      39      40   
AMPL         7       8       8       8       7       9       8       8   
         0.0017  0.002   0.002   0.002   0.0017  0.002   0.002   0.002

HARMONIC    41      42      43      44      45      46      47      48   
AMPL         7       8       7       8       8       8       8       9   
         0.0017  0.002   0.0017  0.002   0.002   0.002   0.002   0.002  

HARMONIC    49      50      51      52      53      54      55      56   
AMPL        13      15      17      20      18      17      15      12   
         0.003   0.004   0.004   0.005   0.004   0.004   0.004   0.003

HARMONIC    57      58      59      60      61      62      63      64   
AMPL        13       9       7       6       4       4       4       4   
         0.003   0.002   0.0017  0.001   0.001   0.001   0.001   0.001

HARMONIC    65      66      67      68      69      70      71      72   
AMPL         4       3       4       4       3       3       3       4   

HARMONIC    73      74      75      76      77      78      79      80   
AMPL         4       3       3       3       3       2       2       2   

HARMONIC    81      82      83      84      85      86      87      88   
AMPL         2       2       1       1       1       1       1       1   

HARMONIC    89      90      91      92      93      94   
AMPL         1       1       1       0       0       0   

************************************************************************
pitch: Bb4
dynamic: p

HARMONIC     1       2       3       4       5       6       7       8   
AMPL      1757     203    1467     140     410      56      48      27   
         1.000   0.115   0.834   0.079   0.233   0.031   0.027   0/015

HARMONIC     9      10      11      12      13      14      15      16   
AMPL         9       7      15       4       2       3       2       2   
         0.005   0.004   0.008   0.002   0.001   0.0017  0.001   0.001

HARMONIC    17      18      19      20      21      22      23      24   
AMPL         2       2       1       2       1       2       2       2   
         0.001   0.001   0.0006  0.001   0.0006  0.001   0.001   0.001

HARMONIC    25      26      27      28      29      30      31      32   
AMPL         1       2       1       1       1       1       1       1   
         0.0006  0.001   0.0006  0.0006  0.0006  0.0006  0.0006  0.0006

HARMONIC    33      34      35      36      37      38      39      40   
AMPL         1       1       1       1       1       1       0       0   

************************************************************************
pitch: Bb4
dynamic: m

HARMONIC     1       2       3       4       5       6       7       8   
AMPL      2361     182    2517     801     290     241      90     275   
         0.938   0.072   1.000   0.318   0.096   0.096   0.036   0.109

HARMONIC     9      10      11      12      13      14      15      16   
AMPL        59      26      17      17       6      25       5       4   
         0.023   0.010   0.007   0.007   0.002   0.010   0.002   0.0015

HARMONIC    17      18      19      20      21      22      23      24   
AMPL         5       5       5       4       4       4       5       4   
         0.002   0.002   0.002   0.0015  0.0015  0.0015  0.002   0.0015

HARMONIC    25      26      27      28      29      30      31      32   
AMPL         4       3       2       3       2       2       2       2   
         0.0015  0.001   0.0008  0.001   0.0008  0.0008  0.0008  0.0008

HARMONIC    33      34      35      36      37      38      39      40   
AMPL         2       2       1       1       1       1       1       1   
         0.0008  0.0008  0.0004

HARMONIC    41      42      43      44      45      46      47   
AMPL         1       1       1       1       1       1       1  

************************************************************************
pitch: Bb4
dynamic: f

HARMONIC     1       2       3       4       5       6       7       8   
AMPL      4253     165    4529    1144     996     356     258     203   
         0.939   0.036   1.000   0.252   0.220   0.078   0.057   0.045

HARMONIC     9      10      11      12      13      14      15      16   
AMPL       121      74      61      32      15      35      18       6   
         0.027   0.016   0.013   0.007   0.003   0.008   0.004   0.001

HARMONIC    17      18      19      20      21      22      23      24   
AMPL         9       6      10       8       7       7       5       7   
         0.002   0.001   0.0022  0.0018  0.001   0.001   0.001   0.001

HARMONIC    25      26      27      28      29      30      31      32   
AMPL         7       4       4       4       4       3       2       2   
         0.001   0.0009  0.0009  0.0009  0.0009  0.0007  0.0004  0.0004

HARMONIC    33      34      35      36      37      38      39      40   
AMPL         2       2       3       2       2       2       2       2   
         0.0004  0.0004  0.0007  0.0004  0.0004  0.0004  0.0004  0.0004

HARMONIC    41      42      43      44      45      46      47   
AMPL         1       1       1       1       1       1       1   
         0.0002  0.0002  0.0002  0.0002  0.0002  0.0002  0.0002

************************************************************************
pitch: Bb5
dynamic: p

HARMONIC     1       2       3       4       5       6       7       8   
AMPL      4149    1117     942     166      18      24      11       3   
         1.000   0.269   0.227   0.040   0.004   0.006   0.003   0.0007

HARMONIC     9      10      11      12      13      14      15      16   
AMPL         8       3       3      14       3       4       6       2   
         0.002   0.0007  0.0007  0.003   0.0007  0.001   0.0014  0.0005

HARMONIC    17      18      19      20      21      22      23   
AMPL         3       2       3       2       1       1       1   
         0.0007  0.0005  0.0007  0.0005  0.0002  0.0002  0.0002

************************************************************************
pitch: Bb5
dynamic: m

HARMONIC     1       2       3       4       5       6       7       8   
AMPL      9371    4749    1235    1500     280      19      10       8   
         1.000   0.507   0.132   0.160   0.030   0.002   0.001   0.0008

HARMONIC     9      10      11      12      13      14      15      16   
AMPL        15      25      22       9      12      10       5       5   
         0.0016  0.003   0.002   0.001   0.001   0.001   0.0005  0.0005

HARMONIC    17      18      19      20      21      22      23   
AMPL        10       5      10       6       3       3       3   
         0.001   0.0005  0.001   0.00064 0.00032 0.00032 0.00032

************************************************************************
pitch: Bb5
dynamic: f

HARMONIC     1       2       3       4       5       6       7       8   
AMPL     13302    4714    2638    1363     722     161      73      23   
         1.000   0.354   0.198   0.102   0.054   0.012   0.005   0.002

HARMONIC     9      10      11      12      13      14      15      16   
AMPL        74      40      46      27      16      31      51      20   
         0.005   0.003   0.003   0.002   0.001   0.002   0.004   0.0015

HARMONIC    17      18      19      20      21      22      23   
AMPL        30      27      38      18       6       4       3 
         0.002   0.002   0.003   0.0013  0.0004  0.0003  0.0002

************************************************************************

